0.855133 0.357142 0.856589 0.34397 0.154861 0.857497
0.149953 0.85701 0.356118 0.336701 0.168009 0.346778
0.848974 0.863102 0.345814 0.650029 0.63878 0.353771
0.340888 0.657984 0.151401 0.851484 0.14457 0.650015
0.34828 0.657557 0.659993 0.150796 0.353733 0.145854
0.36064 0.346828 0.641898 0.841683 0.352851 0.651314
0.848117 0.345818 0.852297 0.350763 0.15356 0.845687
0.359967 0.649367 0.657532 0.157746 0.342448 0.142191
0.64744 0.351144 0.151613 0.147018 0.652006 0.34998
0.147482 0.853 0.343449 0.345354 0.146656 0.339963
0.153757 0.142525 0.639607 0.148663 0.855803 0.355511
0.857366 0.361006 0.852999 0.343082 0.146293 0.855366
0.335678 0.359031 0.64663 0.849139 0.34942 0.637826
0.357211 0.646757 0.145314 0.858188 0.144563 0.651553
0.345939 0.348059 0.646692 0.84892 0.349307 0.6503
0.840861 0.344504 0.850683 0.360217 0.147891 0.859303
0.347119 0.649378 0.648148 0.156291 0.347404 0.156618
0.150249 0.849886 0.350731 0.350843 0.152506 0.346592
0.850117 0.846097 0.352309 0.649787 0.64057 0.348736
0.649202 0.343428 0.153423 0.151427 0.650819 0.343082
0.151443 0.840748 0.348332 0.347491 0.154303 0.356779
0.346709 0.650829 0.150982 0.854314 0.143498 0.643673
0.351677 0.656767 0.161521 0.850596 0.149152 0.653886
0.355781 0.655802 0.648532 0.151197 0.33755 0.149273
0.653097 0.347565 0.137732 0.158226 0.651287 0.351166
0.152038 0.14716 0.639344 0.146865 0.855475 0.345406
0.849383 0.849674 0.345486 0.641446 0.655653 0.343434
0.840759 0.341346 0.851452 0.35366 0.142819 0.864018
0.345095 0.645849 0.651841 0.142649 0.360542 0.13532
0.639642 0.343053 0.156087 0.148314 0.661894 0.357387
0.160292 0.146855 0.642716 0.151657 0.86002 0.34661
0.151628 0.859884 0.350144 0.344142 0.147182 0.349709
0.142558 0.849035 0.354214 0.350569 0.158652 0.34956
0.347763 0.155413 0.858667 0.855795 0.641424 0.858373
0.846058 0.347931 0.845108 0.349884 0.1518 0.855814
0.144243 0.857961 0.34058 0.343703 0.147485 0.34967
0.845159 0.855375 0.36259 0.652167 0.652253 0.351405
0.338738 0.143214 0.84703 0.835244 0.652164 0.860096
0.158831 0.840534 0.349741 0.350731 0.154893 0.357994
0.358163 0.345419 0.647434 0.847567 0.345457 0.64267
0.346602 0.145001 0.851974 0.857543 0.646999 0.857466
0.653314 0.354433 0.141389 0.145457 0.645486 0.347958
0.851215 0.347964 0.840634 0.348374 0.153214 0.855489
0.151663 0.143966 0.653461 0.149501 0.848099 0.350809
0.142522 0.151103 0.657625 0.148107 0.854767 0.347619
0.148929 0.841115 0.349306 0.353741 0.14032 0.34024
0.657422 0.343361 0.145657 0.156902 0.655342 0.354374
0.860184 0.347679 0.850829 0.349344 0.157257 0.855121
0.342505 0.355281 0.649147 0.859301 0.352427 0.646125
0.858481 0.339683 0.84971 0.352019 0.141675 0.835969
0.644868 0.367702 0.144522 0.150574 0.654051 0.356848
0.85293 0.849006 0.345919 0.655538 0.649337 0.338213
0.863419 0.842824 0.356244 0.646887 0.647401 0.346119
0.851042 0.353842 0.851148 0.345857 0.148799 0.852154
0.147764 0.146791 0.654205 0.137692 0.853357 0.350828
0.350845 0.349196 0.653751 0.852666 0.345401 0.656932
0.342881 0.649652 0.153762 0.846666 0.144986 0.662347
0.845256 0.348894 0.853804 0.353027 0.152076 0.859331
0.856211 0.856287 0.347575 0.651252 0.645868 0.338854
0.840827 0.355702 0.860113 0.339004 0.153589 0.845775
0.848468 0.350487 0.852408 0.348633 0.154164 0.846983
0.848429 0.838155 0.354015 0.651727 0.661744 0.358241
0.848292 0.855974 0.346332 0.654427 0.661865 0.355682
0.346835 0.646587 0.149113 0.84431 0.142971 0.649316
0.15186 0.844055 0.344584 0.355459 0.150895 0.357099
0.844932 0.84703 0.344993 0.652673 0.658772 0.34194
0.149505 0.867977 0.343312 0.351717 0.137418 0.35485
0.34632 0.645208 0.661118 0.155665 0.351137 0.158651
0.353479 0.642606 0.147671 0.849471 0.1472 0.655718
0.358332 0.339993 0.647329 0.84706 0.335373 0.635663
0.156891 0.151123 0.634647 0.136444 0.847492 0.347525
0.860853 0.347123 0.846762 0.359546 0.150323 0.838928
0.842348 0.350446 0.842098 0.350933 0.150814 0.845882
0.138054 0.150418 0.65792 0.151384 0.848399 0.345489
0.146157 0.15382 0.637729 0.157375 0.852694 0.354246
0.352214 0.153385 0.853126 0.846175 0.649505 0.848424
0.357053 0.646112 0.644934 0.158814 0.340913 0.147583
0.357912 0.660421 0.157796 0.858191 0.132458 0.655439
0.845332 0.86256 0.351936 0.646038 0.660938 0.353886
0.850118 0.348871 0.849476 0.342264 0.152094 0.870818
0.359652 0.647766 0.152779 0.855356 0.15367 0.651208
0.336777 0.337063 0.646768 0.840512 0.35925 0.649231
0.156346 0.851563 0.342325 0.358045 0.155734 0.34809
0.347159 0.364528 0.639391 0.853291 0.345049 0.640409
0.645233 0.350651 0.137149 0.15217 0.653203 0.347876
0.333154 0.150306 0.850381 0.864203 0.647163 0.836528
0.152356 0.854147 0.354366 0.353387 0.145109 0.353431
0.863429 0.356992 0.861518 0.35177 0.14722 0.853102
0.344707 0.346616 0.650356 0.833997 0.34389 0.660527
0.354625 0.644582 0.144998 0.848459 0.148171 0.6543
0.344482 0.660911 0.659355 0.153681 0.358399 0.158625
0.143033 0.836496 0.338922 0.353975 0.154136 0.356628
0.853184 0.350831 0.845941 0.354828 0.146683 0.840246
0.834988 0.84559 0.35707 0.648702 0.651615 0.349623
0.143921 0.854492 0.356475 0.354041 0.147219 0.356008
0.35165 0.345758 0.65174 0.854906 0.350135 0.648433
0.85023 0.853844 0.350728 0.651561 0.657206 0.348158
0.144421 0.84539 0.356876 0.344741 0.14971 0.357033
0.854854 0.34981 0.840052 0.341068 0.148374 0.838175
0.151249 0.143011 0.637045 0.155994 0.845167 0.357201
0.861431 0.851821 0.344451 0.657388 0.640571 0.347008
0.843296 0.850141 0.354755 0.644532 0.658424 0.344576
0.346677 0.153412 0.854316 0.855358 0.645051 0.836295
0.348198 0.348402 0.654058 0.858869 0.344506 0.641123
0.862722 0.341378 0.857811 0.346263 0.165603 0.84666
0.158483 0.155105 0.642605 0.152745 0.845324 0.348303
0.146261 0.851679 0.359609 0.349471 0.150501 0.363583
0.335769 0.647568 0.137487 0.855882 0.157296 0.652997
0.162365 0.157375 0.646224 0.151312 0.853448 0.343256
0.857053 0.347643 0.853291 0.346788 0.147908 0.847601
0.35424 0.34198 0.645548 0.849807 0.345835 0.655569
0.147929 0.859271 0.339291 0.352069 0.148178 0.361439
0.341778 0.151293 0.841322 0.856281 0.650324 0.849929
0.353829 0.655627 0.149897 0.853427 0.151912 0.643969
0.349063 0.142453 0.848783 0.846772 0.65401 0.853864
0.851228 0.3487 0.844914 0.352157 0.14717 0.856364
0.340511 0.357073 0.647587 0.846979 0.354927 0.65393
0.348863 0.35205 0.654712 0.86515 0.345647 0.638908
0.354036 0.363577 0.641218 0.858448 0.341427 0.644474
0.352559 0.154973 0.843488 0.850831 0.648225 0.856987
0.831805 0.842932 0.356949 0.659357 0.648765 0.35016
0.154548 0.836603 0.35124 0.355339 0.15491 0.352164
0.344934 0.668093 0.148051 0.83689 0.153012 0.651144
0.146463 0.850887 0.346166 0.358506 0.147521 0.352292
0.15633 0.850523 0.333701 0.363417 0.155594 0.343444
0.143452 0.149655 0.652263 0.151561 0.845209 0.346023
0.363613 0.355366 0.646311 0.858498 0.339032 0.658466
0.85498 0.34441 0.845536 0.347047 0.158739 0.855723
0.158944 0.852048 0.341652 0.357499 0.141843 0.358634
0.161596 0.143326 0.653114 0.154811 0.847582 0.358719
0.36227 0.161827 0.854444 0.845401 0.653336 0.843819
0.847228 0.350836 0.845992 0.341508 0.146633 0.848024
0.640141 0.354284 0.150453 0.149789 0.647383 0.337194
0.345559 0.357671 0.639457 0.84856 0.36093 0.657355
0.154575 0.155109 0.646446 0.149578 0.854193 0.351153
0.845382 0.354277 0.850816 0.350541 0.153617 0.86172
0.34434 0.654945 0.643932 0.152276 0.344847 0.144998
0.354545 0.655079 0.150339 0.858025 0.143761 0.65226
0.348413 0.145619 0.849694 0.857761 0.646216 0.848003
0.65998 0.353846 0.152307 0.143295 0.652451 0.351262
0.356568 0.148364 0.846728 0.835754 0.648485 0.84343
0.353936 0.152358 0.850646 0.845951 0.651555 0.85465
0.142878 0.857221 0.347253 0.35536 0.151496 0.351849
0.851472 0.837044 0.355772 0.64525 0.641327 0.349705
0.351735 0.354081 0.662867 0.853439 0.357374 0.656148
0.648716 0.350944 0.15864 0.151238 0.639278 0.348669
0.356719 0.634023 0.657 0.149731 0.353048 0.146294
0.155397 0.153028 0.643043 0.149196 0.86012 0.35137
0.335064 0.347821 0.655534 0.852969 0.360665 0.655721
0.851471 0.861643 0.358006 0.646928 0.647502 0.346099
0.643173 0.351298 0.164004 0.148378 0.643581 0.356473
0.150223 0.847281 0.340988 0.349341 0.148003 0.345112
0.148838 0.140157 0.658012 0.146006 0.841991 0.353699
0.144581 0.144989 0.652554 0.146589 0.863576 0.341582
0.146863 0.849525 0.334661 0.348232 0.154493 0.349006
0.86355 0.342738 0.854487 0.337305 0.154857 0.838121
0.856536 0.85691 0.361002 0.64103 0.646324 0.351504
0.36285 0.6465 0.648018 0.144275 0.340957 0.146169
0.343428 0.662151 0.652108 0.133327 0.347629 0.150622
0.358764 0.147718 0.84788 0.847019 0.643622 0.84782
0.837908 0.345653 0.849584 0.359525 0.151729 0.854701
0.649262 0.346099 0.145023 0.151042 0.645252 0.361303
0.342809 0.345617 0.646819 0.847222 0.350381 0.641229
0.149639 0.845367 0.34434 0.356621 0.151947 0.352607
0.352238 0.639529 0.640989 0.154822 0.347284 0.136351
0.357193 0.342887 0.642107 0.85641 0.355013 0.644945
0.337091 0.654774 0.657592 0.161814 0.346172 0.157698
0.842223 0.35213 0.849545 0.351494 0.143411 0.846731
0.863672 0.845695 0.351687 0.65056 0.649768 0.350752
0.351893 0.145132 0.844286 0.852977 0.647234 0.862577
0.859258 0.851356 0.359871 0.649923 0.642875 0.358723
0.145941 0.157468 0.647974 0.149193 0.850462 0.347602
0.851463 0.346931 0.847704 0.347022 0.155797 0.856858
0.35117 0.652405 0.146053 0.846696 0.145319 0.653412
0.153191 0.1387 0.650723 0.14696 0.846327 0.34534
0.352372 0.657051 0.155759 0.855899 0.151395 0.653054
0.352634 0.14738 0.850907 0.852772 0.647784 0.851467
0.143768 0.144956 0.646621 0.148091 0.850267 0.349018
0.350628 0.13497 0.860066 0.861287 0.650538 0.853723
0.357795 0.146297 0.849353 0.847578 0.654825 0.846464
0.33889 0.138504 0.837015 0.847521 0.653602 0.8475
0.34861 0.349652 0.654006 0.859932 0.344469 0.655854
0.844375 0.851697 0.344974 0.654111 0.653675 0.349655
0.341202 0.6476 0.654517 0.15112 0.338698 0.159854
0.852731 0.347308 0.841366 0.355774 0.150541 0.849811
0.352035 0.13929 0.84721 0.858505 0.654781 0.845893
0.352745 0.645478 0.15413 0.854013 0.153688 0.648842
0.34913 0.64655 0.653776 0.15335 0.347809 0.148716
0.840178 0.844462 0.355622 0.644399 0.652589 0.348987
0.644784 0.353745 0.158664 0.158304 0.644214 0.343993
0.353254 0.356808 0.64709 0.852152 0.359887 0.657674
0.354129 0.35744 0.647782 0.850896 0.351605 0.647921
0.150383 0.853471 0.346011 0.340701 0.146116 0.355806
0.352837 0.642877 0.149601 0.852611 0.151836 0.653261
0.345386 0.145495 0.84738 0.84494 0.657509 0.847888
0.857278 0.840236 0.356232 0.644258 0.657647 0.361593
0.166248 0.847536 0.347361 0.344583 0.151782 0.346304
0.342607 0.64914 0.646015 0.147836 0.358391 0.150898
0.644088 0.352441 0.136678 0.163548 0.655461 0.35141
0.143702 0.848797 0.35587 0.358497 0.139426 0.337271
0.353549 0.354485 0.642374 0.858642 0.354842 0.650915
0.149967 0.849047 0.353503 0.340093 0.155457 0.347071
0.144705 0.148281 0.638287 0.164255 0.863304 0.354772
0.66007 0.344762 0.147345 0.161358 0.649665 0.34487
0.351878 0.644956 0.153543 0.8547 0.145977 0.64765
0.348205 0.347497 0.646058 0.85021 0.354515 0.650542
0.348509 0.354087 0.652153 0.85244 0.348546 0.655568
0.84593 0.361389 0.842458 0.356672 0.152082 0.853007
0.152547 0.131927 0.656638 0.146812 0.846753 0.352574
0.352517 0.345058 0.642102 0.851407 0.349752 0.656983
0.344506 0.659099 0.150062 0.847519 0.151869 0.648837
0.646629 0.357123 0.140552 0.163806 0.656123 0.352509
0.144569 0.843772 0.343208 0.333637 0.140944 0.354587
0.155451 0.153438 0.656987 0.164439 0.856505 0.349733
0.350859 0.656948 0.156517 0.837329 0.149581 0.638313
0.341084 0.642944 0.149278 0.85611 0.14316 0.645253
0.345804 0.647949 0.152069 0.849801 0.136649 0.654428
0.850119 0.851702 0.354815 0.634291 0.645588 0.344643
0.142941 0.843181 0.34191 0.351539 0.149958 0.350164
0.150717 0.858964 0.348612 0.350517 0.154355 0.365493
0.348377 0.155629 0.845317 0.853995 0.662873 0.849901
0.362883 0.344098 0.650067 0.857875 0.354731 0.656207
0.656411 0.34449 0.153428 0.141209 0.643251 0.356643
0.355549 0.346235 0.64539 0.848294 0.347468 0.654091
0.351903 0.354395 0.651982 0.854415 0.351403 0.653203
0.353915 0.164356 0.849342 0.849068 0.646784 0.857975
0.347514 0.647988 0.149688 0.850112 0.153377 0.646042
0.150687 0.156041 0.655685 0.148867 0.856722 0.353232
0.647678 0.352669 0.155867 0.143396 0.655032 0.359947
0.361379 0.651307 0.661106 0.150179 0.338529 0.152545
0.142927 0.85212 0.354151 0.360171 0.150428 0.346609
0.850684 0.854087 0.35143 0.649985 0.64038 0.345634
0.344797 0.651506 0.646955 0.159665 0.35703 0.141276
0.356681 0.652646 0.651355 0.148101 0.349615 0.149017
0.364652 0.344444 0.648862 0.847588 0.336024 0.658345
0.343289 0.155444 0.857006 0.855616 0.644808 0.849154
0.357935 0.654356 0.14435 0.840139 0.150377 0.659071
0.856122 0.35106 0.84018 0.345408 0.147738 0.844566
0.347919 0.660843 0.653161 0.154085 0.347107 0.155932
0.849854 0.850803 0.355768 0.637586 0.648355 0.335998
0.858927 0.848434 0.341246 0.659978 0.646327 0.34596
0.349934 0.65078 0.643788 0.145884 0.341227 0.158255
0.856934 0.855247 0.352072 0.651879 0.644885 0.351204
0.344474 0.349735 0.644712 0.855661 0.344845 0.641387
0.342773 0.644927 0.146111 0.859518 0.156725 0.658895
0.351579 0.640423 0.145075 0.846119 0.150755 0.644935
0.348537 0.649235 0.145639 0.859317 0.156533 0.643618
0.649383 0.348329 0.149441 0.15573 0.655013 0.341647
0.849655 0.841641 0.355123 0.653813 0.652515 0.356576
0.350492 0.645963 0.652726 0.14886 0.347826 0.151903
0.847671 0.849486 0.357658 0.657551 0.658141 0.343628
0.148541 0.844249 0.351092 0.340485 0.1552 0.350344
0.831749 0.8624 0.35019 0.647057 0.655141 0.352665
0.366274 0.651399 0.141695 0.853491 0.15212 0.665198
0.852369 0.354062 0.853045 0.354817 0.144732 0.859436
0.668591 0.338736 0.156494 0.144126 0.64598 0.347544
0.148452 0.164676 0.649502 0.159013 0.851609 0.351042
0.1497 0.155888 0.640973 0.144419 0.853389 0.343203
0.151318 0.155729 0.659275 0.162306 0.856645 0.345897
0.339601 0.349682 0.641327 0.86496 0.358399 0.649158
0.352732 0.350717 0.646156 0.849481 0.341587 0.653659
0.645299 0.35486 0.150066 0.145173 0.651542 0.336893
0.846237 0.341158 0.845584 0.341615 0.134107 0.849126
0.358974 0.149945 0.856563 0.85806 0.656459 0.854942
0.333765 0.159841 0.835367 0.852154 0.645424 0.852583
0.84996 0.346301 0.856209 0.341163 0.157608 0.85354
0.652767 0.344878 0.157264 0.156419 0.65476 0.358323
0.152552 0.152273 0.659053 0.151958 0.845972 0.349567
0.156036 0.154677 0.639372 0.148406 0.845559 0.357522
0.357776 0.644319 0.64944 0.144945 0.354527 0.152802
0.345737 0.147304 0.856607 0.842369 0.645295 0.855611
0.352822 0.648829 0.151605 0.852443 0.132812 0.639477
0.344373 0.6524 0.152154 0.843607 0.145962 0.655346
0.852842 0.852737 0.358302 0.652245 0.646535 0.348223
0.348334 0.144146 0.852123 0.845903 0.634866 0.850028
0.362683 0.146659 0.851805 0.866368 0.651373 0.858804
0.652843 0.347034 0.146594 0.143738 0.651091 0.35915
0.338625 0.640276 0.650347 0.154632 0.344868 0.164935
0.348263 0.151898 0.851787 0.84012 0.652245 0.850129
0.644372 0.354844 0.15337 0.152996 0.65101 0.345709
0.354429 0.651133 0.651001 0.152404 0.349431 0.153714
0.361034 0.150741 0.847171 0.850113 0.64894 0.836562
0.35262 0.346682 0.649475 0.840962 0.337208 0.649788
0.340925 0.650735 0.14853 0.853663 0.145438 0.655775
0.351525 0.639277 0.65189 0.149183 0.349612 0.146822
0.14502 0.850767 0.353435 0.343539 0.165683 0.358578
0.354098 0.652131 0.651036 0.154981 0.346724 0.149654
0.147051 0.851877 0.338319 0.352187 0.151743 0.34491
0.858222 0.346496 0.85486 0.349444 0.147676 0.842479
0.83954 0.360763 0.865653 0.349351 0.147187 0.845014
0.35846 0.644463 0.147744 0.845864 0.1459 0.643624
0.852164 0.356014 0.851968 0.352038 0.159181 0.847063
0.338308 0.651441 0.655813 0.141771 0.338879 0.14228
0.158271 0.861787 0.349467 0.337747 0.163558 0.340119
0.154603 0.845989 0.343116 0.360755 0.15506 0.342643
0.84836 0.85403 0.358062 0.647737 0.653187 0.355713
0.345642 0.657558 0.653134 0.141877 0.350588 0.152326
0.147198 0.852925 0.355576 0.35303 0.14619 0.340755
0.344612 0.1595 0.840526 0.852524 0.649693 0.864058
0.843543 0.344234 0.850312 0.344518 0.153918 0.851018
0.647739 0.34175 0.146996 0.156114 0.644051 0.35452
0.357692 0.648791 0.64749 0.143217 0.359938 0.144185
0.653504 0.348143 0.136673 0.140243 0.648961 0.348207
0.847947 0.34622 0.856173 0.341027 0.143919 0.851747
0.369006 0.352955 0.648363 0.846584 0.354071 0.639233
0.162319 0.149391 0.644955 0.147312 0.846966 0.349925
0.854852 0.854414 0.355118 0.648333 0.642701 0.338804
0.65683 0.340263 0.146138 0.153109 0.647194 0.350593
0.362036 0.6611 0.153745 0.852078 0.152216 0.648144
0.848505 0.856277 0.35674 0.655568 0.661232 0.34667
0.355217 0.14753 0.858516 0.850854 0.641496 0.83939
0.847867 0.341485 0.85517 0.344671 0.151715 0.853872
0.639769 0.357876 0.145896 0.14625 0.63791 0.358128
0.140265 0.855481 0.342002 0.33969 0.140104 0.3549
0.15863 0.858443 0.349329 0.335259 0.134882 0.351357
0.351751 0.150322 0.864433 0.863057 0.648723 0.841531
0.153292 0.134103 0.652622 0.152619 0.863093 0.350641
0.854211 0.846714 0.355423 0.645275 0.656468 0.353778
0.343635 0.342086 0.653779 0.848535 0.351354 0.649257
0.846255 0.838001 0.349216 0.646811 0.650444 0.361457
0.852152 0.344124 0.848855 0.355398 0.153165 0.855611
0.345311 0.649049 0.645993 0.146774 0.349783 0.145419
0.34072 0.647032 0.145363 0.847951 0.153243 0.653811
0.832488 0.349935 0.837014 0.349296 0.148658 0.842516
0.145092 0.144312 0.653025 0.155255 0.853046 0.340534
0.143195 0.147167 0.643864 0.155506 0.851528 0.353008
0.848934 0.359052 0.85058 0.351679 0.149441 0.840324
0.836549 0.8494 0.354899 0.651162 0.647333 0.351835
0.6456 0.342011 0.14105 0.14296 0.644922 0.35719
0.858745 0.84943 0.353065 0.658589 0.642008 0.346595
0.149451 0.137706 0.6514 0.146362 0.848551 0.357928
0.158648 0.156836 0.649917 0.155703 0.848385 0.336907
0.347991 0.349328 0.649078 0.844858 0.352865 0.65755
0.350885 0.650616 0.142779 0.861626 0.145937 0.644148
0.146071 0.160663 0.651898 0.150232 0.845298 0.350723
0.346538 0.354929 0.645813 0.855869 0.346989 0.656518
0.168446 0.160879 0.655353 0.159581 0.847013 0.353891
0.34297 0.348788 0.65461 0.839122 0.356774 0.650835
0.353583 0.660088 0.644721 0.148822 0.363485 0.149451
0.340934 0.343672 0.651926 0.845631 0.346539 0.660028
0.352316 0.654806 0.140138 0.851761 0.156501 0.654398
0.848715 0.846151 0.351743 0.650754 0.650352 0.355839
0.152066 0.143304 0.65551 0.142223 0.84156 0.353234
0.344875 0.646473 0.648234 0.152945 0.342977 0.150441
0.142351 0.156081 0.649064 0.143561 0.85988 0.342854
0.357778 0.632703 0.658448 0.161997 0.341792 0.14596
0.646616 0.358124 0.151799 0.158197 0.658625 0.348162
0.1473 0.14345 0.649322 0.150186 0.852846 0.340109
0.844831 0.345206 0.84588 0.348261 0.14562 0.852111
0.158228 0.848817 0.349744 0.342191 0.139148 0.35611
0.351186 0.641203 0.65607 0.152589 0.349675 0.153
0.339993 0.647927 0.160889 0.859045 0.140268 0.656748
0.655115 0.354963 0.146404 0.148989 0.655271 0.355201
0.357116 0.637902 0.654336 0.149777 0.337141 0.160216
0.147308 0.156778 0.641975 0.156703 0.849938 0.351764
0.359215 0.641029 0.653787 0.152194 0.336106 0.164192
0.647211 0.347462 0.145768 0.136333 0.659045 0.353779
0.344924 0.64589 0.654022 0.151881 0.362687 0.149811
0.648115 0.344194 0.154085 0.140913 0.650766 0.354295
0.850183 0.855002 0.343881 0.644862 0.651627 0.355935
0.649852 0.350031 0.139735 0.152058 0.645573 0.344822
0.348387 0.139976 0.845321 0.860318 0.644305 0.848148
0.851418 0.86209 0.345668 0.660262 0.653564 0.347245
0.358485 0.15599 0.847201 0.857141 0.653169 0.852456
0.153976 0.152504 0.646118 0.153862 0.845406 0.350561
0.355824 0.653549 0.647597 0.155665 0.359745 0.160807
0.151684 0.147901 0.654857 0.153838 0.849524 0.352753
0.354383 0.353467 0.648199 0.834266 0.357421 0.648361
0.351909 0.640368 0.147987 0.848629 0.140608 0.650057
0.851301 0.342248 0.848756 0.353299 0.14132 0.853586
0.351664 0.643591 0.145194 0.852989 0.150882 0.651496
0.643701 0.357697 0.151035 0.153713 0.634019 0.355845
0.341065 0.646793 0.646547 0.152366 0.347137 0.149058
0.160189 0.849348 0.343762 0.333319 0.158054 0.351126
0.353406 0.652104 0.144454 0.852486 0.150166 0.650543
0.336936 0.144534 0.852615 0.847723 0.666772 0.84126
0.846132 0.865168 0.34866 0.664601 0.649961 0.355375
0.851462 0.851556 0.360107 0.652772 0.654162 0.359706
0.349636 0.651224 0.644542 0.147237 0.346733 0.149246
0.347994 0.638709 0.646151 0.144761 0.347609 0.148178
0.144639 0.84189 0.33738 0.353541 0.162408 0.340075
0.84836 0.348546 0.845006 0.357249 0.15183 0.843789
0.845623 0.346821 0.840135 0.349247 0.156371 0.845725
0.349932 0.638474 0.65982 0.141705 0.347707 0.15443
0.854215 0.846848 0.348671 0.649966 0.658189 0.347075
0.133364 0.141656 0.649711 0.148083 0.85883 0.3514
0.156595 0.855394 0.335064 0.341125 0.158056 0.361071
0.152276 0.849123 0.348821 0.352563 0.148294 0.355299
0.345457 0.351568 0.654626 0.843205 0.360814 0.650823
0.369628 0.342886 0.647447 0.852866 0.350549 0.651081
0.85216 0.844742 0.354139 0.641787 0.651103 0.347451
0.850902 0.851999 0.348741 0.6505 0.640299 0.353183
0.849911 0.856666 0.350533 0.636672 0.650971 0.342851
0.152169 0.156899 0.641007 0.141669 0.846568 0.341695
0.345959 0.353881 0.659891 0.848062 0.347864 0.641695
0.351877 0.150075 0.849906 0.853489 0.657215 0.853099
0.344393 0.150109 0.843437 0.846673 0.653819 0.850815
0.643971 0.346725 0.151706 0.159423 0.652478 0.350338
0.649728 0.360025 0.1483 0.147257 0.642537 0.34643
0.352635 0.661442 0.65059 0.161549 0.341292 0.148652
0.35162 0.643401 0.649209 0.144705 0.361224 0.140912
0.350531 0.638164 0.144449 0.859397 0.144553 0.662788
0.341892 0.652352 0.650205 0.146817 0.346868 0.155434
0.362867 0.656771 0.654458 0.153074 0.349792 0.147971
0.360528 0.64544 0.655876 0.153942 0.349518 0.151271
0.651373 0.348266 0.157862 0.140366 0.64848 0.355004
0.151215 0.849128 0.357165 0.340236 0.164363 0.35251
0.152302 0.853106 0.355385 0.351598 0.149054 0.356023
0.341188 0.65791 0.660884 0.132641 0.359094 0.149196
0.149772 0.852206 0.352236 0.356495 0.149835 0.350982
0.843521 0.858494 0.350108 0.648456 0.654649 0.361316
0.1559 0.838298 0.349507 0.348606 0.146376 0.342482
0.355238 0.337522 0.6578 0.848854 0.34194 0.640921
0.84681 0.352935 0.853248 0.353244 0.142772 0.839809
0.151665 0.143538 0.645442 0.152621 0.841664 0.351479
0.34985 0.154008 0.849931 0.851024 0.654634 0.847921
0.853296 0.840735 0.357739 0.655018 0.646441 0.341557
0.351055 0.653471 0.650532 0.153928 0.34679 0.150174
0.157812 0.153534 0.637481 0.140149 0.852924 0.355065
0.341353 0.346624 0.652491 0.862117 0.353229 0.645062
0.344347 0.157512 0.855598 0.859766 0.645592 0.845485
0.35192 0.344481 0.638979 0.858055 0.358343 0.65001
0.352612 0.346204 0.656828 0.842929 0.348396 0.641295
0.854841 0.349681 0.856541 0.337216 0.141063 0.8574
0.646594 0.350726 0.150563 0.138965 0.661305 0.347189
0.346835 0.3497 0.651809 0.859877 0.343301 0.65097
0.352528 0.655171 0.145086 0.847978 0.146852 0.636037
0.341535 0.14284 0.836301 0.857223 0.644386 0.857368
0.644389 0.351854 0.157625 0.163278 0.653046 0.341426
0.144994 0.848204 0.355221 0.355525 0.154866 0.349956
0.839387 0.343631 0.848772 0.348809 0.156588 0.862509
0.840882 0.354675 0.867999 0.348147 0.156488 0.84766
0.348327 0.650702 0.144191 0.853431 0.150827 0.655728
0.65326 0.348404 0.149597 0.149706 0.651418 0.348034
0.34814 0.644689 0.651357 0.151225 0.330074 0.151929
0.841124 0.843339 0.359325 0.653902 0.64547 0.356743
0.360254 0.650408 0.150055 0.859722 0.144685 0.654689
0.855065 0.849338 0.357802 0.644393 0.644157 0.3625
0.351605 0.638209 0.146129 0.857862 0.147025 0.652123
0.352356 0.649476 0.648467 0.153639 0.348713 0.149467
0.85166 0.861288 0.35937 0.642545 0.636409 0.353727
0.357729 0.649791 0.150463 0.847817 0.150849 0.648491
0.651818 0.346701 0.152627 0.155799 0.658261 0.351444
0.349843 0.653327 0.143173 0.855139 0.152662 0.660564
0.862011 0.35384 0.851645 0.363332 0.157255 0.867766
0.150833 0.146606 0.658415 0.157099 0.850743 0.350065
0.151084 0.859778 0.35017 0.347415 0.160273 0.345779
0.644017 0.34922 0.151317 0.153863 0.660069 0.351003
0.148537 0.852049 0.349603 0.356818 0.136722 0.34566
0.641116 0.343771 0.152498 0.142932 0.638376 0.347187
0.853803 0.851278 0.346604 0.634476 0.647419 0.346243
0.653939 0.346116 0.160446 0.146868 0.642713 0.345119
0.355068 0.648609 0.142617 0.842512 0.13935 0.650038
0.356588 0.150394 0.8625 0.847364 0.64165 0.845046
0.356564 0.662584 0.651031 0.143631 0.348443 0.153567
0.149338 0.853967 0.358987 0.345699 0.151694 0.355734
0.8515 0.346565 0.849133 0.351066 0.144721 0.842005
0.342931 0.355877 0.642347 0.851572 0.347371 0.645875
0.35189 0.645378 0.655284 0.155103 0.348407 0.149467
0.348345 0.658599 0.15574 0.848088 0.133311 0.651753
0.150648 0.144604 0.658689 0.150724 0.850941 0.347307
0.842893 0.847067 0.347724 0.649424 0.653245 0.356257
0.654928 0.363392 0.166918 0.158374 0.645365 0.356877
0.344725 0.64369 0.13915 0.848995 0.151576 0.661232
0.344779 0.651221 0.644826 0.146796 0.352942 0.137864
0.34991 0.159556 0.846157 0.849736 0.655068 0.856842
0.344328 0.650238 0.159181 0.855501 0.153011 0.656678
0.844645 0.348566 0.856109 0.364695 0.153564 0.850171
0.356449 0.156974 0.847954 0.848488 0.646416 0.850929
0.354896 0.647471 0.153556 0.859517 0.158696 0.650375
0.351691 0.349408 0.660485 0.857611 0.350726 0.659504
0.141779 0.860696 0.348109 0.340294 0.157754 0.345392
0.152374 0.161356 0.650831 0.150446 0.852474 0.345303
0.364447 0.148037 0.850335 0.850487 0.658719 0.850706
0.856308 0.347762 0.842889 0.341399 0.159052 0.845094
0.147188 0.145389 0.64961 0.157837 0.862974 0.345688
0.849078 0.344478 0.85205 0.338023 0.155963 0.864108
0.349937 0.146943 0.855745 0.846164 0.646173 0.849639
0.852382 0.853488 0.352779 0.642392 0.658433 0.354882
0.846555 0.841291 0.349554 0.655762 0.651452 0.350272
0.84857 0.854523 0.350894 0.647072 0.660319 0.353205
0.155681 0.143093 0.652944 0.149176 0.839555 0.351884
0.15579 0.136009 0.645585 0.144801 0.855292 0.344833
0.658071 0.349333 0.151201 0.147478 0.650983 0.349752
0.345736 0.641661 0.647752 0.139278 0.346838 0.146642
0.65925 0.345599 0.14597 0.154858 0.648979 0.349631
0.356037 0.145123 0.848306 0.854498 0.648568 0.859714
0.34918 0.34568 0.645754 0.842112 0.355809 0.646228
0.342941 0.140027 0.844638 0.848305 0.654571 0.860306
0.352075 0.645171 0.660627 0.154847 0.360901 0.147668
0.356742 0.358581 0.644733 0.846808 0.343139 0.650987
0.152423 0.14557 0.645807 0.158173 0.850624 0.34313
0.157716 0.840365 0.349463 0.361064 0.156392 0.343269
0.632618 0.350289 0.14966 0.152156 0.653518 0.352143
0.352049 0.644676 0.655827 0.158111 0.346509 0.157693
0.148016 0.852062 0.350834 0.357408 0.149921 0.346485
0.849222 0.855613 0.348184 0.652096 0.648812 0.34798
0.351942 0.650337 0.146633 0.847466 0.151682 0.651318
0.652455 0.350301 0.160614 0.147026 0.655209 0.351152
0.345289 0.351156 0.647951 0.856748 0.362808 0.647278
0.342109 0.352875 0.641621 0.85142 0.35332 0.640226
0.350849 0.653018 0.144718 0.855316 0.150719 0.65511
0.660963 0.353005 0.14099 0.147749 0.644004 0.351736
0.341333 0.649367 0.653472 0.150757 0.348475 0.162356
0.856659 0.845907 0.35194 0.649825 0.65385 0.337936
0.340047 0.638815 0.653735 0.140188 0.348642 0.157716
0.357583 0.645122 0.151527 0.844995 0.139672 0.661322
0.848947 0.359584 0.852709 0.347044 0.147667 0.855153
0.351264 0.145043 0.838307 0.852825 0.641668 0.858064
0.147838 0.155889 0.645609 0.14721 0.858943 0.339903
0.156051 0.847331 0.359265 0.357403 0.149006 0.353247
0.144339 0.848262 0.349832 0.341421 0.158522 0.355843
0.845219 0.351136 0.862306 0.348577 0.146416 0.84544
0.644901 0.350083 0.159493 0.151716 0.654972 0.352094
0.345737 0.657339 0.14267 0.849365 0.150517 0.652291
0.844599 0.850701 0.346933 0.654708 0.648947 0.35968
0.341399 0.648666 0.650517 0.150285 0.353366 0.146387
0.340835 0.655591 0.162412 0.836423 0.15004 0.641385
0.339678 0.647763 0.650084 0.152945 0.347685 0.15163
0.356321 0.643669 0.141669 0.858229 0.152116 0.642003
0.152671 0.143632 0.647771 0.144061 0.843168 0.347387
0.346239 0.647822 0.645683 0.144971 0.341673 0.153027
0.345915 0.15668 0.839409 0.842369 0.643416 0.850972
0.844918 0.849538 0.348907 0.647834 0.643276 0.3457
0.341395 0.351949 0.64844 0.861459 0.348961 0.64248
0.351898 0.132056 0.841751 0.850019 0.652966 0.844091
0.841636 0.345297 0.850063 0.354682 0.147687 0.836231
0.160104 0.848628 0.34956 0.355101 0.147978 0.34539
0.849904 0.848907 0.345628 0.65902 0.644527 0.341554
0.340474 0.347446 0.648669 0.848264 0.349037 0.648272
0.349127 0.146564 0.848476 0.851895 0.641859 0.851349
0.149928 0.84904 0.355165 0.335751 0.159297 0.349954
0.849187 0.343866 0.836656 0.352027 0.159322 0.855059
0.36487 0.151137 0.842819 0.844133 0.642892 0.843965
0.8504 0.345811 0.854176 0.349162 0.150923 0.839376
0.337305 0.649156 0.643505 0.150526 0.348388 0.152217
0.153076 0.151293 0.643157 0.137899 0.846437 0.358267
0.651523 0.345886 0.152229 0.15456 0.647215 0.336878
0.340404 0.15114 0.839845 0.852704 0.656366 0.847536
0.651923 0.344969 0.148919 0.14814 0.658109 0.351832
0.131623 0.147654 0.644365 0.147078 0.838764 0.345255
0.155249 0.154619 0.653702 0.153326 0.845223 0.342361
0.362463 0.348382 0.652007 0.847391 0.339033 0.650431
0.644012 0.338185 0.149558 0.139586 0.643625 0.341344
0.849549 0.844057 0.358088 0.643956 0.647412 0.33915
0.153758 0.841386 0.346169 0.350831 0.159582 0.357274
0.142914 0.85134 0.352307 0.348447 0.150258 0.349218
0.34596 0.344027 0.644106 0.84291 0.350354 0.655513
0.348498 0.148348 0.84277 0.852983 0.650588 0.860454
0.142896 0.848853 0.353373 0.356886 0.154512 0.347809
0.358594 0.656258 0.149821 0.840052 0.150249 0.642862
0.159282 0.146106 0.65003 0.154716 0.848316 0.362995
0.346174 0.146899 0.848751 0.838113 0.642117 0.837825
0.850526 0.869166 0.363669 0.652585 0.650463 0.344642
0.155006 0.153724 0.659441 0.143187 0.862097 0.363709
0.346375 0.34053 0.643854 0.858691 0.34143 0.648091
0.338906 0.141243 0.855685 0.857717 0.653242 0.843536
0.848829 0.843093 0.348599 0.658508 0.654873 0.350013
0.839002 0.8456 0.351218 0.646168 0.634415 0.355555
0.646189 0.348695 0.14428 0.152311 0.649185 0.361114
0.340014 0.366479 0.643123 0.846387 0.342585 0.649898
0.351563 0.651859 0.652871 0.152061 0.36304 0.152383
0.13874 0.847491 0.340085 0.350092 0.161974 0.338587
0.362309 0.15381 0.857493 0.847497 0.646463 0.839
0.34562 0.64801 0.652534 0.149208 0.358839 0.147656
0.657464 0.350389 0.14187 0.14507 0.644574 0.340923
0.360924 0.636783 0.657822 0.13605 0.357718 0.152892
0.660008 0.334831 0.145796 0.157768 0.637621 0.352051
0.139152 0.147861 0.661944 0.152207 0.84645 0.357521
0.14895 0.838369 0.346186 0.350344 0.158133 0.356033
0.143299 0.150472 0.648178 0.149809 0.855621 0.345203
0.361137 0.356693 0.647667 0.8521 0.359256 0.647069
0.347311 0.647136 0.15427 0.860566 0.153022 0.65234
0.849172 0.352418 0.849454 0.356822 0.156372 0.843759
0.345849 0.15439 0.84504 0.837922 0.650612 0.849761
0.353136 0.15724 0.843783 0.851546 0.64458 0.852664
0.344477 0.144098 0.851414 0.856215 0.663194 0.85547
0.148537 0.147848 0.658658 0.146814 0.866285 0.35428
0.15611 0.843438 0.345559 0.345483 0.153467 0.349823
0.346604 0.347759 0.641154 0.840803 0.346543 0.643245
0.84731 0.855865 0.348679 0.646779 0.64643 0.347147
0.657152 0.355241 0.162877 0.149934 0.648281 0.345707
0.647859 0.362198 0.147538 0.158071 0.644526 0.3431
0.856728 0.848376 0.346438 0.658871 0.659503 0.349237
0.160262 0.161283 0.650819 0.149031 0.850083 0.347724
0.840352 0.355415 0.841239 0.340266 0.146536 0.843229
0.650452 0.346852 0.15258 0.151313 0.653006 0.361019
0.348664 0.156415 0.848162 0.859469 0.638401 0.844622
0.348434 0.655479 0.661647 0.154864 0.340689 0.144532
0.650163 0.349292 0.151041 0.151482 0.65458 0.353756
0.337414 0.653047 0.65812 0.152069 0.344784 0.149656
0.346329 0.157067 0.852451 0.861431 0.648525 0.854867
0.839112 0.349971 0.84318 0.343041 0.159182 0.848699
0.154629 0.859769 0.346844 0.344504 0.161807 0.35176
0.156557 0.862352 0.353799 0.347967 0.152305 0.338512
0.345854 0.355834 0.659124 0.851129 0.346993 0.664669
0.349399 0.662644 0.130481 0.856592 0.150518 0.646257
0.355447 0.154843 0.847145 0.854965 0.654962 0.841799
0.849857 0.844607 0.352386 0.650903 0.659059 0.351051
0.362282 0.656099 0.653629 0.165028 0.349049 0.151078
0.854182 0.860918 0.345519 0.66039 0.655727 0.350641
0.351022 0.353061 0.648838 0.848463 0.347645 0.64624
0.35277 0.151287 0.855357 0.85186 0.657644 0.848741
0.15021 0.146522 0.645935 0.150002 0.840737 0.359787
0.66282 0.349384 0.147745 0.148985 0.652826 0.36345
0.847429 0.357514 0.861139 0.343808 0.151051 0.850836
0.84566 0.848826 0.347978 0.648763 0.654228 0.349486
0.657143 0.346169 0.148067 0.143006 0.659701 0.337269
0.357052 0.650959 0.646608 0.160224 0.351857 0.150832
0.350844 0.348474 0.653975 0.851795 0.352091 0.651323
0.147091 0.147135 0.642475 0.15884 0.846396 0.354512
0.344506 0.664987 0.141888 0.840614 0.15176 0.654577
0.852447 0.351864 0.846222 0.341257 0.151672 0.844985
0.145971 0.14494 0.662872 0.14522 0.862133 0.348323
0.152849 0.140936 0.654963 0.142716 0.85105 0.35081
0.353849 0.356313 0.64402 0.85078 0.354243 0.642654
0.361399 0.342863 0.643551 0.847647 0.369903 0.650731
0.155472 0.840169 0.343719 0.338725 0.148858 0.347965
0.644997 0.34989 0.142392 0.150363 0.643166 0.357408
0.851624 0.856486 0.346685 0.658322 0.658342 0.349346
0.347567 0.142575 0.854269 0.852139 0.655829 0.857548
0.841026 0.351331 0.852359 0.345034 0.148315 0.855842
0.150664 0.147726 0.658184 0.150187 0.848305 0.365739
0.857939 0.85293 0.354883 0.647704 0.653836 0.355218
0.359927 0.152273 0.851788 0.849079 0.64844 0.851811
0.343942 0.65587 0.151475 0.862264 0.150521 0.65151
0.661801 0.346632 0.147695 0.14387 0.64314 0.343753
0.649714 0.362701 0.1436 0.155493 0.645657 0.349106
0.352716 0.648688 0.150317 0.849533 0.155157 0.646799
0.356143 0.65107 0.652862 0.151382 0.346328 0.153407
0.342585 0.652504 0.653533 0.151714 0.358794 0.14357
0.853725 0.348427 0.850003 0.343799 0.152052 0.851132
0.350359 0.346456 0.649233 0.852073 0.359338 0.63531
0.335717 0.658509 0.139262 0.856713 0.153703 0.654468
0.647041 0.347517 0.143016 0.144971 0.653002 0.358296
0.139905 0.859994 0.342905 0.347722 0.154089 0.356602
0.146566 0.153819 0.640648 0.149496 0.849269 0.349336
0.35845 0.641432 0.153822 0.863634 0.151087 0.664888
0.357075 0.648556 0.138554 0.852885 0.161696 0.65465
0.350261 0.138076 0.858167 0.843613 0.655596 0.845121
0.646582 0.35285 0.13334 0.151851 0.643962 0.355482
0.651143 0.34656 0.154777 0.157003 0.645787 0.345447
0.838229 0.346188 0.848034 0.333827 0.158583 0.851183
0.350056 0.356216 0.650467 0.846555 0.341153 0.65021
0.153408 0.159756 0.645513 0.155308 0.841016 0.348314
0.347443 0.358119 0.648055 0.840998 0.357902 0.656127
0.346761 0.655826 0.648167 0.14792 0.352457 0.149817
0.643581 0.34378 0.144173 0.141907 0.648077 0.348378
0.347817 0.148351 0.861207 0.848862 0.654394 0.864777
0.342795 0.646095 0.647134 0.155807 0.351761 0.148205
0.646776 0.360441 0.160492 0.147251 0.650595 0.344443
0.637689 0.356697 0.147822 0.154125 0.656706 0.331088
0.156111 0.852164 0.352838 0.353722 0.147658 0.346935
0.647618 0.349785 0.146661 0.148922 0.655621 0.339652
0.664293 0.343518 0.154649 0.153272 0.648869 0.350157
0.350434 0.64916 0.145674 0.840687 0.150532 0.64793
0.844015 0.335961 0.855637 0.352002 0.144322 0.84882
0.147046 0.838668 0.35696 0.350984 0.15721 0.355157
0.35664 0.153422 0.846875 0.850442 0.653555 0.850252
0.850421 0.354485 0.859604 0.353743 0.144336 0.840356
0.350444 0.650119 0.154598 0.850908 0.14486 0.654285
0.348841 0.644498 0.145848 0.857597 0.144387 0.639464
0.349767 0.658412 0.143878 0.852169 0.146769 0.658031
0.140145 0.859388 0.345792 0.352464 0.157195 0.355246
0.839975 0.844618 0.342985 0.646285 0.650458 0.356501
0.154366 0.146312 0.641153 0.148555 0.855164 0.34202
0.837087 0.348016 0.848116 0.35631 0.146613 0.858014
0.348295 0.35221 0.650848 0.854737 0.351757 0.639178
0.855052 0.849324 0.337188 0.638462 0.656874 0.345693
0.642864 0.341688 0.150198 0.153825 0.644862 0.355653
0.8502 0.350022 0.839397 0.350244 0.146018 0.841736
0.645469 0.359692 0.148037 0.140603 0.645895 0.361274
0.357164 0.345418 0.659151 0.847425 0.354122 0.659937
0.350851 0.149901 0.843867 0.851049 0.647648 0.849051
0.340189 0.650566 0.14324 0.854503 0.138497 0.634639
0.644391 0.361529 0.150085 0.153572 0.647964 0.343515
0.363094 0.644749 0.157581 0.856834 0.148092 0.652803
0.356383 0.345644 0.662537 0.856362 0.3548 0.643683
0.648489 0.343469 0.154977 0.150257 0.656138 0.335582
0.344861 0.155135 0.853987 0.851777 0.640165 0.857541
0.364872 0.650054 0.649191 0.155353 0.343074 0.146443
0.354974 0.156898 0.85018 0.850716 0.649477 0.851282
0.350918 0.153875 0.851798 0.853109 0.656541 0.849977
0.854093 0.848603 0.350092 0.647987 0.644953 0.350683
0.841471 0.331428 0.845691 0.355961 0.158258 0.856762
0.352902 0.660689 0.642392 0.144215 0.363744 0.153079
0.141846 0.157258 0.654652 0.153034 0.854868 0.347314
0.351988 0.645913 0.648998 0.153304 0.347031 0.145246
0.150457 0.855941 0.344604 0.352949 0.165842 0.356166
0.155095 0.147105 0.65413 0.151955 0.848279 0.357539
0.142669 0.151603 0.655797 0.141388 0.849462 0.353028
0.157467 0.162665 0.653879 0.147277 0.850083 0.349446
0.843978 0.862139 0.342933 0.639279 0.653331 0.34367
0.655103 0.345792 0.148538 0.140659 0.644228 0.348242
0.146513 0.854035 0.362968 0.348351 0.150642 0.34501
0.348738 0.643518 0.642436 0.150945 0.351148 0.152976
0.352046 0.654602 0.652726 0.157225 0.341803 0.149525
0.155677 0.859159 0.34677 0.352112 0.15465 0.35027
0.356324 0.652028 0.630165 0.14017 0.353711 0.151797
0.160119 0.861021 0.356861 0.339612 0.146678 0.353413
0.842544 0.855805 0.357427 0.650678 0.646479 0.348189
0.852094 0.353035 0.856598 0.352738 0.151291 0.846091
0.343348 0.657121 0.146962 0.841269 0.144272 0.651385
0.345733 0.157517 0.846971 0.85086 0.649324 0.851116
0.34696 0.646532 0.652651 0.153346 0.351024 0.141063
0.858038 0.841368 0.351453 0.635424 0.649995 0.341918
0.356165 0.361021 0.651598 0.856925 0.356761 0.660287
0.141529 0.146858 0.65345 0.147437 0.854018 0.347039
0.161249 0.840706 0.3449 0.34442 0.152328 0.362811
0.348761 0.658192 0.147018 0.851723 0.149476 0.636193
0.158923 0.837465 0.343014 0.346568 0.142313 0.355706
0.155346 0.844257 0.359356 0.347284 0.153072 0.349502
0.364423 0.156224 0.85673 0.843194 0.639357 0.85016
0.344937 0.142483 0.853065 0.846313 0.655654 0.852396
0.667192 0.353956 0.142727 0.16609 0.649558 0.351653
0.359444 0.346784 0.64997 0.842304 0.357591 0.641052
0.346856 0.651527 0.631661 0.148948 0.352154 0.15243
0.848653 0.857689 0.341959 0.651538 0.655867 0.352828
0.368254 0.147671 0.852007 0.850374 0.649185 0.841059
0.844426 0.340439 0.863673 0.34975 0.145339 0.85708
0.351783 0.655117 0.658577 0.147166 0.341009 0.152648
0.835684 0.846213 0.347078 0.649526 0.642659 0.356907
0.14676 0.149785 0.635472 0.147683 0.845118 0.346407
0.644617 0.342596 0.147727 0.149756 0.640008 0.351987
0.845418 0.360335 0.851041 0.344716 0.149828 0.864966
0.360551 0.654192 0.144014 0.849893 0.138743 0.654123
0.363251 0.156606 0.856568 0.855603 0.648502 0.852717
0.350086 0.661097 0.645689 0.144319 0.35108 0.146533
0.850513 0.343975 0.828142 0.356006 0.143406 0.851731
0.346705 0.134399 0.851268 0.841938 0.643837 0.845214
0.848628 0.345217 0.852256 0.347072 0.153296 0.83722
0.138539 0.848568 0.343327 0.343876 0.145344 0.34506
0.356344 0.648286 0.154682 0.85394 0.149606 0.653642
0.15027 0.845646 0.338167 0.338633 0.153216 0.357418
0.647876 0.341875 0.149075 0.149036 0.654218 0.363002
0.347077 0.648455 0.150286 0.847179 0.142901 0.657532
0.150128 0.148233 0.654118 0.150202 0.851192 0.355481
0.644335 0.351822 0.15089 0.15495 0.633451 0.351797
0.348023 0.348766 0.644465 0.848644 0.353484 0.646305
0.344126 0.151674 0.845943 0.851865 0.654824 0.847162
0.354787 0.152804 0.854679 0.859077 0.659299 0.838978
0.855267 0.351942 0.853489 0.356129 0.142872 0.848162
0.857469 0.344683 0.848531 0.353708 0.148532 0.84924
0.658238 0.351039 0.148631 0.156632 0.651596 0.341236
0.155146 0.141301 0.640136 0.146936 0.851947 0.341594
0.344868 0.363613 0.65308 0.842196 0.343494 0.656432
0.155274 0.155899 0.646065 0.150274 0.84883 0.352666
0.351811 0.347004 0.639833 0.845757 0.360513 0.64501
0.35555 0.16097 0.850462 0.846288 0.644698 0.852293
0.33742 0.350444 0.652141 0.846318 0.339804 0.645951
0.849303 0.846753 0.352568 0.654298 0.653304 0.352111
0.345066 0.643955 0.158027 0.841387 0.153767 0.647199
0.846309 0.842964 0.347665 0.65092 0.656676 0.351107
0.848755 0.861226 0.362298 0.634059 0.645059 0.344516
0.858259 0.862159 0.356461 0.650111 0.653587 0.345037
0.156689 0.839754 0.349422 0.346872 0.15461 0.343655
0.148501 0.151656 0.645229 0.134702 0.8515 0.343198
0.339876 0.648317 0.156749 0.855119 0.149753 0.652055
0.863169 0.348545 0.856489 0.355656 0.146689 0.840043
0.338345 0.645388 0.642473 0.145216 0.350865 0.148626
0.654228 0.340307 0.159852 0.142045 0.645398 0.357691
0.342329 0.654477 0.152549 0.846236 0.152726 0.646041
0.344436 0.141281 0.849924 0.848781 0.644122 0.846787
0.35578 0.154305 0.855979 0.850413 0.648499 0.849356
0.354821 0.353208 0.6413 0.848328 0.360886 0.64989
0.350359 0.344445 0.655066 0.847852 0.347905 0.647032
0.348272 0.644405 0.146117 0.858552 0.14857 0.648979
0.155247 0.145095 0.648713 0.147746 0.844181 0.355386
0.845971 0.34434 0.860828 0.359504 0.148267 0.857806
0.859191 0.36371 0.854791 0.356697 0.148508 0.85178
0.351333 0.643998 0.642391 0.145521 0.341932 0.15972
0.844021 0.349009 0.850941 0.364513 0.147429 0.855753
0.352734 0.340902 0.651623 0.847372 0.35191 0.657724
0.145466 0.157254 0.643753 0.148895 0.846604 0.346231
0.860261 0.363394 0.850518 0.357898 0.148656 0.859278
0.85362 0.354794 0.838227 0.359143 0.152994 0.843311
0.855119 0.359976 0.859312 0.361863 0.157554 0.847894
0.148847 0.847766 0.348126 0.355879 0.154816 0.335194
0.348896 0.649096 0.151412 0.8662 0.139246 0.645337
0.344017 0.653909 0.639864 0.15593 0.345307 0.152583
0.154961 0.855843 0.354627 0.34595 0.151204 0.35545
0.358615 0.654836 0.157946 0.857048 0.141772 0.641502
0.154475 0.849515 0.35333 0.360123 0.162813 0.356827
0.35179 0.149472 0.845252 0.855417 0.647878 0.843843
0.652598 0.34906 0.149734 0.144491 0.645352 0.347169
0.352296 0.352464 0.64052 0.836776 0.342122 0.649361
0.350206 0.150333 0.83954 0.852823 0.64155 0.853452
0.351751 0.644534 0.149048 0.844877 0.149023 0.651165
0.150982 0.152273 0.65983 0.153661 0.859584 0.355637
0.658062 0.348588 0.149317 0.144254 0.655089 0.350273
0.162063 0.158593 0.658514 0.150202 0.847665 0.354947
0.842626 0.855169 0.359884 0.641066 0.663312 0.343312
0.160038 0.144724 0.653148 0.144432 0.85425 0.347831
0.143979 0.857266 0.33965 0.35258 0.155747 0.343401
0.855628 0.851192 0.352158 0.647472 0.647091 0.349313
0.341095 0.352779 0.641129 0.8519 0.348956 0.654592
0.360373 0.653239 0.161332 0.847167 0.155537 0.652836
0.350754 0.152806 0.842315 0.846118 0.656636 0.834572
0.340051 0.652031 0.152486 0.851338 0.158697 0.644018
0.361996 0.353396 0.646651 0.852493 0.353272 0.655192
0.35048 0.637709 0.146695 0.861374 0.14926 0.653068
